inside observe odom thresh
dx_ : 0.506279
dy_ : 0
dtheta_ : 0
  0      -5      -4      -3      -2      -1       0       1       2       3       4       5
 -5 -13.6568 -13.1751 -12.7205 -12.2980 -11.9315 -11.6594 -11.7549 -11.8192 -11.8919 -12.0745 -12.3764
 -4 -11.5754 -11.0122 -10.6007 -10.2870 -10.0709 -9.9519 -9.9311 -10.1702 -10.3641 -10.6292 -10.9898
 -3 -10.0185 -9.5990 -9.2639 -9.0336 -8.9878 -9.0001 -9.0921 -9.2929 -9.6348 -10.0363 -10.6000
 -2 -9.0803 -8.8788 -8.7616 -8.7266 -8.7732 -8.9072 -9.1392 -9.4681 -9.8853 -10.3920 -10.9893
 -1 -8.8634 -8.8319 -8.8881 -9.0325 -9.2556 -9.5788 -9.9971 -10.4284 -10.9957 -11.6597 -12.3386
  0 -9.2300 -9.3858 -9.6416 -9.9643 -10.3806 -10.9252 -11.5661 -12.1517 -12.6583 -13.1544 -13.6646
  1 -10.2455 -10.5806 -10.9810 -11.4263 -12.0607 -12.5315 -12.9260 -13.3731 -13.8028 -14.2062 -14.6321
  2 -11.4772 -11.8237 -12.4456 -13.0528 -13.3809 -13.7161 -14.0488 -14.3849   -inf   -inf   -inf
  3 -12.4918 -12.8845 -13.1415 -13.4156 -13.7040   -inf   -inf   -inf   -inf   -inf   -inf
  4 -12.6959   -inf   -inf   -inf   -inf   -inf   -inf   -inf   -inf   -inf   -inf
  5   -inf   -inf   -inf   -inf   -inf   -inf   -inf   -inf   -inf   -inf   -inf
